4 4141444144, 4141114414, 44144..

, 1 =017 01111411414411411444441411 16. ) 19999‘ 3
1344414414 4444441444 discrimina 141414 ’441 3444114144
344344114144444414344144, &interm 14411444, 1

144 141144441114,4444114114,1441114,41444114,143434, 4

que 1114414141 diducimus.

1,41,ΤῈ1111”ΑΕ(1ᾙ 144144341414114114
1411114, 11144, 1111141111114411444441411141111111114 1111114

111141 414141, 3411, 4111 444344444144444, 441 999999‘ ’

1141114, intelligendum 141

119. 1114441441 1141414414 14414414114481 411 j
4144111411414444111444,(1414111444141444414144441
’ ign& 1111111114 propterea m 111444 4144114144 4431114144, ,

3431ξῃ,,1ἰ114444, ἀ44144144, 1111411441, Q 4114434144, ι
414344 34114 11411 111141, ’4 ῑ

,31411444 4141114444 11444 4414441441 44414 4414114 41144..
·’11’41444141, 111114114141111141414411414 8113414, 11144 1
11411441441444111,144 11411111141144441144,
9999 4141111111, 43441114 414141411344414114 992
1111141 4411441411 44 4111111414 ’

’1) ’144444 4431114144, 4144411141 4441411444 44441, 44141 ,

, 4444144,414344 44114 414144411444414411·νι1’14ο144

, Ι. 4414441, 114111 81141441444444441141141111114 1113114,
. 4141444414441441441, ·

«3 11144144, οιι3441444, 431141Ι in gypsum„ 141 411. 44141

ὁ 3444111, 4414444444 1444114441,444411344114 4114414-
, 11444441444144444441444 14444144,4411341,1444 v9ro,
41114114 11141141.

’111 ’141144114444 13114144111114141111411, 44 1414 41
4411414 4414111114, ¹¹¹. 1111111111 4411441144, confluunt.

41 T99999 14144144, 41141144 1444111 1111144· 1431414144 99·
41444 4443444441114144144, 144441114444114411 1414114
- dntibus, 14144344ν14114441414414114414444144

1444143141. 13414434344444.

. ’11141444 4111444444 itidem 141 1441141114 1 4144141411,

114444, 4441144111, 4441441113, 991991993913139
1

 

